6285382593842
6282138750021
6281239316620
6282147051294
6285814165766
6285954040678
6281237657779
628977240784
6287718048448
6281366635244
628977274688
6281237707578
6285162560528
6283835199599
6285205700729
6285858717269
628873066185
6285253607978
6285731873140
6285785296532
628993699094
6287863194131
6282237389457
628814831840
6281238866414
6287860607900
6287860438010
6281339141121
62895320813871
6289677770321
6281547498034
62895342606912
6289523644949
6288222232698
628977357983
6281362797397
6281239024555
6285964380206
6281353987047
6285117175872
6281803552232
6281237380515
6281342767805
6289531344136
62895623336420
6282339629239
6285738774186
6289685608107
6287858804372
6285858141428
6281337511133
6285156099164
6287751069943
6285935065245
62895428266543
6285737053079
6281903913927
6285840008284
6281237693241
6283114983262
6289644671640
6281353210457
6281558422965
6281238654474
6285797485220
6287855706899
6287863507380
6281803768536
6287862191120
6285338123423
6281239351520
62895330148034
6289531144727
6282144428903
6285738774830
6285155336689
6282147622364
6287762415517
6283114063620
6281936206448
628973102439
6285942856234
6281353866347
6281246978883
62895331293451
6285738377925
6287701042322
6281339682982
6285857540091
6285770018188
6281239609722
628980583898
6287896029488
6281907118128
6281529927968
6282237950147
6281238565187
6283119135504
6283115642503
6281703306784
6287865482899
6281213230640
6285855177218
6285157887211
6285920513264
6281236462013
62895410957881
6289519929253
6287861569677
6281238473880
6285225671931
62895330004658
6282266561367
6281338404016
6285858603320
6287861785827
6281339821449
6282248900672
6283134838328
6285739192997
6281238563249
62881038106517
6281237507164
6282146977480
6285190059587
6281334425687
6283119229001
6285159150073
6283119197195
6287733889663
628990160845
6285857422724
6285738139858
6282291355411
6289665453816
6282274920732
6281246329511
628873436635
6282340177515
6285954524923
6281353945790
62895346405401
6281236835588
6282145826153
6289652095276
6283147796045
62895628698040
6281239581476
628970304325
6281547417296
6289529098598
6281339276975
6281935583500
6281237022029
6285745471226
6285792726692
6285738538530
6281913722483
6283115266831
6281246010781
6282177482553
6281529330948
62881037353979
6287850112832
6283851035869
6285738518224
6281547327857
6285792554820
6281246241129
6285792432231
6287761490844
6281236403459
628970432409
62818552842
6287761296112
628385530986
6281337563575
6285163091029
6282146773206
62881037386250
628113899112
628116200808
6281230693548
6281231550471
6281236000410
6281236275185
628123644109
6281236494511
6281236678941
6281236718138
6281236786887
6281236849572
6281236857930
6281237694214
6281237834237
6281238196082
6281238351672
6281238555436
6281238558128
6281238576836
6281238667261
6281239161112
6281239300599
6281239304747
6281239312148
6281239366793
6281239547073
6281239688925
6281239724400
6281246480844
6281246512308
6281246597327
628124682525
6281246956091
6281248166498
6281271490818
6281273870056
6281278909434
6281281789346
6281281969300
6281282866844
6281283583867
6281313776318
6281331203756
6281337241677
6281337305440
6281337531477
6281337757655
6281337774571
6281337940859
6281337953400
6281338107203
6281338165689
6281338277782
6281338431859
6281338713511
6281338748855
6281338802915
6281338885972
6281338947604
6281339068294
6281339140859
6281339145030
6281339160271
6281339161284
6281339501916
6281353573279
6281353765522
6281353804302
6281353982331
6281388832828
6281529348583
6281529367230
6281547193270
6281547305342
6281547434675
6281558142990
6281558452159
6281703243746
628179776510
6281802144400
6281805402254
6281805589551
6281805796918
6281807988099
62818352100
6281916053551
6281936062467
6281936071440
6281936723266
6281937392476
6281938218558
6281977526091
6281999047811
6281999090102
6281999279272
6281999866004
6281999915565
6282141969729
6282144278777
6282144373779
6282144381351
6282145122979
6282145299452
6282145361722
6282145624644
6282145779377
6282146057581
6282146440271
6282146440273
6282146486815
6282146554920
6282147047629
6282147083908
6282147354067
6282147399268
6282158602755
6282235636872
6282236256247
6282236399389
6282237979199
6282247304130
6282247561982
6282292940715
6282321760290
6282322591356
6282341395918
6283115048215
6283115786866
6283119286400
6283119399548
6283119625216
6283847183729
6283856041180
6285156295627
6285156616430
6285158099712
6285161002419
6285161184335
6285161672046
6285171710192
6285176751915
6285190078945
6285338879419
6285339216334
6285737068492
6285737283527
6285737345932
6285737607958
6285738036826
6285738186330
6285738744017
6285739277550
6285829002028
6285847595069
6285857280900
6285857372717
6285857869551
6285858741742
6285858767120
6285858781375
6285858867712
6285884758437
6285893071964
6285901348969
6285904320190
6285920331470
6285921477388
6285933803110
6285934248753
6285936636925
6285936678084
6285937080146
6285942935832
6285947220513
6285954370577
6285954702440
6285956236694
6285964305653
6285964374334
6285967170145
6285967172093
6287743346753
6287744015159
6287749029096
6287757300905
6287757635724
6287760262289
6287761408674
6287761465064
6287762224600
6287765379556
6287771977750
6287794141240
6287812501408
6287818434660
6287836084295
6287840753196
6287841735436
6287843936012
6287849370812
6287850361525
6287850665061
6287850904583
6287854523835
6287854839688
6287855592604
6287858747525
6287860174677
6287860623258
6287861136965
6287867435854
6287867964100
6287877239125
6287881603064
6287883573503
6287884311364
62881037137249
62881037175437
62881037188223
62881037300318
62881038389132
62881038514231
62881082839978
6288219033017
6288219551220
6288987172247
6289512576068
6289518133629
6289519213666
6289523755005
6289523890148
62895322574214
62895331022814
62895342589919
62895342623593
62895351702193
62895363424342
62895365928249
62895366879723
62895412437890
62895630315016
62895800112675
6289635140090
6289638205454
6289643498106
6289678493587
6289685495949
6289685843162
6289685917482
6289693794668
6289699574139
628970260636
628970298837
628970414692
628973263283
628977450890
628979159816
628980783786
628989170212
